object={
	name="bridge 01"
	clamp_to_water_level=no
	render_under_water=yes
	generated_content=no
	layer="temp_layer"
	pdxmesh="bridge_01_mesh"
	count=201
	transform="1755.951294 1.404297 3384.391113 0.000000 0.763223 0.000000 0.646136 1.000000 1.000000 1.000000
1457.401611 1.470703 3476.839355 0.000000 0.479821 0.000000 0.877367 1.348145 1.348145 1.348145
1476.669434 1.924805 3645.383057 0.000000 0.391415 0.000000 0.920214 1.000000 1.000000 1.000000
1059.264893 2.289307 2946.224854 0.000000 0.587520 0.000000 0.809210 1.185828 1.185828 1.185828
1093.479492 1.425171 3053.483887 0.000000 0.032968 0.000000 0.999456 1.000000 1.000000 1.000000
1142.192261 1.881836 2952.844971 0.000000 -0.521922 0.000000 0.852993 1.223791 1.223791 1.223791
1213.418945 2.716675 2982.725098 0.000000 -0.447069 0.000000 0.894500 1.243198 1.243198 1.243198
1207.831055 2.765503 1511.380493 0.000000 0.922063 0.000000 0.387039 1.000000 1.000000 1.000000
1388.901245 0.741943 3636.349121 0.000000 0.109203 0.000000 0.994020 1.000000 1.000000 1.000000
1330.682007 2.467651 1660.567627 0.000000 0.035279 0.000000 0.999377 1.000000 1.000000 1.000000
1487.360962 1.180176 3957.421631 0.000000 0.000000 0.000000 1.000000 1.000000 1.000000 1.000000
1524.542725 1.519043 3957.797119 0.000000 0.358792 0.000000 0.933417 1.256811 1.256811 1.256811
1543.524414 1.080566 3798.528564 0.000000 0.349224 0.000000 0.937039 1.000000 1.000000 1.000000
1598.484741 2.516113 3766.870850 0.000000 -0.164434 0.000000 0.986388 1.044534 1.044534 1.044534
1619.761841 1.818359 3758.510498 0.000000 -0.053525 0.000000 0.998567 1.000000 1.000000 1.000000
1486.883057 2.471741 1646.384033 0.000000 0.323049 0.000000 0.946382 1.000000 1.000000 1.000000
1830.536377 1.818359 3984.962646 0.000000 -0.225097 0.000000 0.974336 1.000000 1.000000 1.000000
1647.182861 0.633820 1414.339600 0.000000 0.006287 0.000000 0.999980 1.000000 1.000000 1.000000
1877.398804 1.596436 3954.100830 0.000000 0.683729 0.000000 0.729736 1.000000 1.000000 1.000000
1814.779785 2.377930 4639.520996 0.000000 -0.121495 0.000000 0.992592 1.184521 1.184521 1.184521
1752.802246 1.837311 1332.500366 0.000000 0.385643 0.000000 0.922648 1.000000 1.000000 1.000000
1839.189697 1.917725 4744.786621 0.000000 0.000000 0.000000 1.000000 1.000000 1.000000 1.000000
1844.171143 2.751358 1191.415161 0.000000 -0.996579 0.000000 -0.082644 1.000000 1.000000 1.000000
2056.916504 1.596436 4117.106445 0.000000 0.253276 0.000000 0.967394 1.000000 1.000000 1.000000
2071.560059 1.656006 3478.976562 0.000000 0.308179 0.000000 0.951328 1.000000 1.000000 1.000000
1857.273438 1.300034 947.237488 0.000000 0.614613 0.000000 0.788828 1.000000 1.000000 1.000000
1879.750000 1.937057 1031.710938 0.000000 -0.764808 0.000000 0.644259 1.000000 1.000000 1.000000
2180.815918 2.074707 4064.789062 0.000000 0.053282 0.000000 0.998580 1.273535 1.273535 1.273535
2170.272461 2.304443 3471.613281 0.000000 -0.373361 0.000000 0.927686 1.000000 1.000000 1.000000
2541.527832 3.885010 4084.192383 0.000000 0.757051 0.000000 0.653356 1.000000 1.000000 1.000000
2583.371582 2.158691 4165.244141 0.000000 0.820283 0.000000 0.571957 1.000000 1.000000 1.000000
2541.617676 1.572998 3674.627686 0.000000 -0.181784 0.000000 0.983338 1.000000 1.000000 1.000000
2595.559326 1.963135 4047.180908 0.000000 0.237775 0.000000 0.971320 1.000000 1.000000 1.000000
2563.565430 1.811768 3677.066406 0.000000 -0.267750 0.000000 0.963488 1.100636 1.100636 1.100636
2585.050781 1.979492 3608.283691 0.000000 -0.675553 0.000000 0.737311 1.000000 1.000000 1.000000
2636.657227 1.823730 4032.287842 0.000000 0.112501 0.000000 0.993651 1.107324 1.107324 1.107324
2591.251709 1.476563 3657.484863 0.000000 0.768804 0.000000 0.639485 1.000000 1.000000 1.000000
2600.416016 1.572265 3495.366943 0.000000 0.246620 0.000000 0.969112 1.000000 1.000000 1.000000
2719.309082 1.101319 3986.122314 0.000000 0.472360 0.000000 0.881406 1.172290 1.172290 1.172290
2887.334717 1.294189 4389.271973 0.000000 0.437640 0.000000 0.899150 1.280566 1.280566 1.280566
2794.542725 1.581543 3452.341553 0.000000 0.332160 0.000000 0.943223 1.000000 1.000000 1.000000
3003.614258 1.768799 4336.541016 0.000000 0.712440 0.000000 0.701733 1.107130 1.107130 1.107130
3115.586182 0.862305 4284.284180 0.000000 0.466600 0.000000 0.884468 1.000000 1.000000 1.000000
3069.794922 1.716797 4007.194092 0.000000 -0.090756 0.000000 0.995873 1.000000 1.000000 1.000000
3273.721924 0.489746 4633.542480 0.000000 -0.269837 0.000000 0.962906 1.000000 1.000000 1.000000
2942.892578 1.619385 3384.525146 0.000000 -0.179683 0.000000 0.983725 1.000000 1.000000 1.000000
3311.310547 0.770020 4535.876953 0.000000 0.677834 0.000000 0.735215 1.000000 1.000000 1.000000
3348.355225 0.475586 4617.064453 0.000000 -0.667514 0.000000 0.744597 1.000000 1.000000 1.000000
3244.595703 1.536865 4320.968750 0.000000 -0.442655 0.000000 0.896692 1.000000 1.000000 1.000000
3225.920166 2.165283 4245.718262 0.000000 -0.125523 0.000000 0.992091 1.000000 1.000000 1.000000
3305.368896 1.663574 4423.965820 0.000000 -0.605473 0.000000 0.795866 1.000000 1.000000 1.000000
3440.599854 1.124023 4719.809082 0.000000 -0.547144 0.000000 0.837038 1.000000 1.000000 1.000000
3239.053467 1.091553 4088.063965 0.000000 0.627790 0.000000 0.778383 1.000000 1.000000 1.000000
3119.155762 1.125976 3710.984619 0.000000 0.296645 0.000000 0.954988 1.000000 1.000000 1.000000
3064.811035 2.761719 3413.157471 0.000000 0.089753 0.000000 0.995964 1.000000 1.000000 1.000000
3320.276855 1.763672 4209.940430 0.000000 -0.402080 0.000000 0.915604 1.000000 1.000000 1.000000
3245.123779 1.686035 3936.002686 0.000000 0.234372 0.000000 0.972147 0.922778 0.922778 0.922778
3258.372559 1.577393 3957.191650 0.000000 0.587224 0.000000 0.809425 1.000000 1.000000 1.000000
3251.719482 0.996094 3896.576904 0.000000 0.639664 0.000000 0.768655 1.000000 1.000000 1.000000
3292.496338 1.117188 3945.729492 0.000000 -0.477121 0.000000 0.878838 1.000000 1.000000 1.000000
3264.456299 0.889160 3860.310303 0.000000 0.531985 0.000000 0.846753 0.874976 0.874976 0.874976
3450.444336 1.977051 4362.191406 0.000000 0.382120 0.000000 0.924112 1.000000 1.000000 1.000000
3635.799805 0.853516 4713.881348 0.000000 0.557042 0.000000 0.830484 1.000000 1.000000 1.000000
3646.081543 1.790527 4379.152832 0.000000 -0.340896 0.000000 0.940101 1.000000 1.000000 1.000000
3341.431641 2.002930 3806.460693 0.000000 0.415338 0.000000 0.909667 1.000000 1.000000 1.000000
3893.950439 0.478271 5037.013672 0.000000 0.247966 0.000000 0.968769 1.088550 1.088550 1.088550
3247.924316 1.800781 3560.275879 0.000000 0.363943 0.000000 0.931421 1.000000 1.000000 1.000000
3456.886230 0.739258 4050.847656 0.000000 -0.802363 0.000000 0.596836 1.000000 1.000000 1.000000
3594.131592 1.424561 4370.886230 0.000000 0.297316 0.000000 0.954779 1.000000 1.000000 1.000000
3713.773926 1.286377 4599.090332 0.000000 0.682866 0.000000 0.730544 1.000000 1.000000 1.000000
3577.133789 0.841064 4190.273438 0.000000 -0.536371 0.000000 0.843982 1.000000 1.000000 1.000000
3715.934570 0.872070 4465.213867 0.000000 -0.706072 0.000000 0.708140 1.000000 1.000000 1.000000
3379.957275 0.793701 3595.427002 0.000000 -0.189820 0.000000 0.981819 1.000000 1.000000 1.000000
3259.637207 1.693115 2544.432373 0.000000 0.263955 0.000000 0.964535 0.909766 0.909766 0.909766
3785.730469 1.931641 4462.017090 0.000000 0.069159 0.000000 0.997606 1.000000 1.000000 1.000000
3275.087402 0.696899 2332.674805 0.000000 0.574830 0.000000 0.818273 1.000000 1.000000 1.000000
3272.643799 1.364136 2376.136719 0.000000 -0.607899 0.000000 0.794014 1.000000 1.000000 1.000000
3296.343018 1.625732 2470.295654 0.000000 0.579888 0.000000 0.814696 1.000000 1.000000 1.000000
3303.045410 1.861084 2284.108643 0.000000 0.292154 0.000000 0.956371 1.000000 1.000000 1.000000
3308.637207 1.924561 2542.775879 0.000000 -0.390902 0.000000 0.920432 1.000000 1.000000 1.000000
3755.143066 1.917725 4233.721680 0.000000 0.088963 0.000000 0.996035 1.000000 1.000000 1.000000
3520.159912 0.636963 3694.418701 0.000000 -0.725568 0.000000 0.688151 1.000000 1.000000 1.000000
3902.138916 1.472656 4431.199707 0.000000 0.076950 0.000000 0.997035 1.087720 1.087720 1.087720
3370.424805 1.676147 2189.412842 0.000000 0.469486 0.000000 0.882940 1.000000 1.000000 1.000000
4134.050293 0.529053 4792.985840 0.000000 0.238167 0.000000 0.971224 1.000000 1.000000 1.000000
3804.497803 1.526123 4195.165527 0.000000 0.432502 0.000000 0.901633 1.000000 1.000000 1.000000
3861.194580 2.245850 4189.848633 0.000000 -0.483892 0.000000 0.875128 1.000000 1.000000 1.000000
4009.275635 0.665771 4360.246582 0.000000 0.483251 0.000000 0.875482 1.000000 1.000000 1.000000
4001.842773 1.784180 4330.110352 0.000000 -0.287013 0.000000 0.957927 1.000000 1.000000 1.000000
3837.220459 1.119873 3844.320068 0.000000 0.414977 0.000000 0.909832 1.000000 1.000000 1.000000
3787.830078 1.873291 3634.184082 0.000000 -0.304620 0.000000 0.952474 1.119897 1.119897 1.119897
4206.003418 1.837402 4325.688965 0.000000 0.000000 0.000000 1.000000 1.000000 1.000000 1.000000
3942.502197 2.092773 3671.346191 0.000000 -0.353717 0.000000 0.935353 1.192454 1.192454 1.192454
4033.143555 2.002197 3780.140381 0.000000 0.607002 0.000000 0.794700 1.000000 1.000000 1.000000
4322.329102 1.306641 4293.437012 0.000000 0.347515 0.000000 0.937675 1.000000 1.000000 1.000000
4148.970703 1.372803 3954.457275 0.000000 -0.524575 0.000000 0.851364 1.000000 1.000000 1.000000
4339.032715 1.513916 4240.534180 0.000000 -0.911645 0.000000 -0.410978 1.118066 1.118066 1.118066
4089.207275 1.970215 3776.942871 0.000000 -0.681527 0.000000 0.731793 1.154956 1.154956 1.154956
4394.926758 0.920410 4265.543945 0.000000 0.161972 0.000000 0.986795 1.000000 1.000000 1.000000
4389.548828 0.490723 4100.898926 0.000000 0.694065 0.000000 0.719912 1.000000 1.000000 1.000000
4210.755371 1.130371 3646.591553 0.000000 0.428894 0.000000 0.903355 1.242017 1.242017 1.242017
4095.346924 1.033569 2652.085205 0.000000 0.442162 0.000000 0.896935 1.000000 1.000000 1.000000
4144.608887 1.192017 2623.964600 0.000000 -0.848214 0.000000 0.529654 1.158841 1.158841 1.158841
4530.690430 0.511719 4304.083496 0.000000 -0.419636 0.000000 0.907692 1.000000 1.000000 1.000000
4218.212402 1.036255 2533.536865 0.000000 0.000000 0.000000 1.000000 1.000000 1.000000 1.000000
4700.251465 0.654297 4443.434082 0.000000 0.367862 0.000000 0.929880 1.000000 1.000000 1.000000
5437.782227 1.159668 2161.582275 0.000000 -0.560788 0.000000 0.827960 1.000000 1.000000 1.000000
5473.226562 0.765747 2325.714111 0.000000 -0.373871 0.000000 0.927481 1.000000 1.000000 1.000000
5565.471191 1.617188 2402.236084 0.000000 -0.362066 0.000000 0.932152 1.000000 1.000000 1.000000
5585.904785 1.508057 2507.802979 0.000000 0.605789 0.000000 0.795626 1.000000 1.000000 1.000000
5659.060547 0.765625 2442.472168 0.000000 -0.289497 0.000000 0.957179 1.000000 1.000000 1.000000
5757.248047 1.030273 2493.336426 0.000000 0.000000 0.000000 1.000000 1.000000 1.000000 1.000000
5704.903809 1.746338 1929.514648 0.000000 -0.104302 0.000000 0.994546 1.000000 1.000000 1.000000
5819.286621 2.865356 1931.590210 0.000000 0.159713 0.000000 0.987163 1.000000 1.000000 1.000000
6035.005371 1.552795 1315.274292 0.000000 0.280253 0.000000 0.959926 1.000000 1.000000 1.000000
6052.485352 2.309998 1313.644897 0.000000 0.000488 0.000000 1.000000 1.000000 1.000000 1.000000
6070.671875 2.004028 1318.577515 0.000000 -0.149704 0.000000 0.988731 1.000000 1.000000 1.000000
6087.589844 1.555176 1318.251953 0.000000 0.000000 0.000000 1.000000 1.000000 1.000000 1.000000
6167.875000 1.881592 1728.070557 0.000000 0.754878 0.000000 0.655865 1.000000 1.000000 1.000000
6279.098633 0.600708 2167.632812 0.000000 0.016967 0.000000 0.999856 1.000000 1.000000 1.000000
6221.125488 1.908936 1655.696289 0.000000 0.458944 0.000000 0.888465 1.000000 1.000000 1.000000
6425.587402 0.936401 2191.744385 0.000000 0.308484 0.000000 0.951230 1.000000 1.000000 1.000000
6438.883301 1.568970 1879.491455 0.000000 -0.279901 0.000000 0.960029 1.000000 1.000000 1.000000
6574.562012 0.579834 2148.698975 0.000000 0.596130 0.000000 0.802888 1.000000 1.000000 1.000000
6592.465820 1.676025 2103.317627 0.000000 -0.707281 0.000000 0.706933 1.000000 1.000000 1.000000
6600.653320 1.409790 2050.868164 0.000000 -0.820148 0.000000 0.572152 1.000000 1.000000 1.000000
6633.661621 0.773315 2107.667236 0.000000 -0.031001 0.000000 0.999519 1.000000 1.000000 1.000000
6679.828125 0.465088 2134.869385 0.000000 0.513017 0.000000 0.858378 1.000000 1.000000 1.000000
6706.347168 0.498047 2067.446289 0.000000 0.086318 0.000000 0.996268 1.000000 1.000000 1.000000
6820.034180 0.612305 2248.964111 0.000000 -0.334375 0.000000 0.942440 1.000000 1.000000 1.000000
6884.347656 0.688232 2266.479004 0.000000 -0.379411 0.000000 0.925228 1.000000 1.000000 1.000000
6979.916016 0.797974 1929.167114 0.000000 -0.185564 0.000000 0.982632 1.000000 1.000000 1.000000
6996.901367 0.867310 1785.702393 0.000000 0.677160 0.000000 0.735836 1.000000 1.000000 1.000000
6993.100586 0.710632 1642.019897 0.000000 -0.491804 0.000000 0.870706 1.000000 1.000000 1.000000
7029.626465 1.523804 1972.046875 0.000000 0.061972 0.000000 0.998078 1.000000 1.000000 1.000000
7032.286133 0.576355 1651.051025 0.000000 0.516576 0.000000 0.856242 1.000000 1.000000 1.000000
4225.387207 0.491699 2517.990234 0.000000 0.000000 0.000000 1.000000 1.000000 1.000000 1.000000
9059.664062 0.000000 3682.471680 0.000000 -0.835820 0.000000 0.549004 1.915552 1.915552 1.915552
9577.250000 0.821533 4082.171631 0.000000 -0.467815 0.000000 0.883827 1.945269 1.945269 1.945269
9502.028320 0.881592 3929.635254 0.000000 -0.972374 0.000000 -0.233427 2.048605 2.048605 2.048605
8001.438965 1.860352 2783.622803 0.000000 0.220583 0.000000 0.975368 1.048295 1.048295 1.048295
8061.533691 1.680908 2797.475586 0.000000 -0.272980 0.000000 0.962020 1.103826 1.103826 1.103826
8174.760742 1.406982 2843.834961 0.000000 -0.226591 0.000000 0.973990 1.082210 1.082210 1.082210
8207.156250 1.477539 2887.595703 0.000000 -0.250714 0.000000 0.968061 1.375101 1.375101 1.375101
8234.500977 1.386230 2933.157715 0.000000 -0.487653 0.000000 0.873038 1.145841 1.145841 1.145841
8183.463867 0.817627 2459.223877 0.000000 0.324867 0.000000 0.945759 1.114717 1.114717 1.114717
8232.214844 1.835693 2471.328857 0.000000 -0.467167 0.000000 0.884169 1.286347 1.286347 1.286347
8313.265625 1.259521 2547.355225 0.000000 -0.473523 0.000000 0.880782 1.436781 1.436781 1.436781
8396.088867 1.817139 2615.750977 0.000000 -0.049540 0.000000 0.998773 1.280245 1.280245 1.280245
7106.585449 0.000000 2109.440186 0.000000 0.537736 0.000000 0.843114 1.000000 1.000000 1.000000
7061.610840 0.000000 2098.323730 0.000000 -0.389160 0.000000 0.921170 1.000000 1.000000 1.000000
7036.882812 1.647339 2020.393311 0.000000 -0.509923 0.000000 0.860220 1.000000 1.000000 1.000000
6976.926758 0.799927 1876.580078 0.000000 0.681147 0.000000 0.732146 1.000000 1.000000 1.000000
7825.194824 3.121338 2031.743774 0.000000 0.809821 0.000000 0.586676 1.000000 1.000000 1.000000
7912.220215 3.531006 2063.987061 0.000000 -0.029659 0.000000 0.999560 1.000000 1.000000 1.000000
7983.356934 2.819702 2045.574097 0.000000 0.000000 0.000000 1.000000 1.000000 1.000000 1.000000
8021.191895 3.821899 2040.894287 0.000000 0.450028 0.000000 0.893014 1.000000 1.000000 1.000000
7631.208984 1.176758 1881.243530 0.000000 0.552930 0.000000 0.833228 1.000000 1.000000 1.000000
7619.914062 1.550903 1895.872803 0.000000 0.458022 0.000000 0.888941 1.000000 1.000000 1.000000
7612.724121 0.605835 1912.478271 0.000000 0.580683 0.000000 0.814129 1.000000 1.000000 1.000000
7606.921387 0.823242 1920.794067 0.000000 0.321922 0.000000 0.946766 1.000000 1.000000 1.000000
7591.390137 0.681885 1925.841431 0.000000 0.143183 0.000000 0.989696 1.000000 1.000000 1.000000
7575.167969 1.394409 1935.918335 0.000000 0.316369 0.000000 0.948636 1.000000 1.000000 1.000000
7536.763672 4.503296 1972.742920 0.000000 0.355001 0.000000 0.934866 1.000000 1.000000 1.000000
7494.461914 3.613770 2013.033936 0.000000 0.377660 0.000000 0.925944 1.000000 1.000000 1.000000
7593.045898 0.913086 1279.802368 0.000000 0.447956 0.000000 0.894056 1.000000 1.000000 1.000000
7566.331543 0.565552 1320.833252 0.000000 0.595051 0.000000 0.803688 1.000000 1.000000 1.000000
7565.293457 2.011841 1372.762939 0.000000 -0.216890 0.000000 0.976196 1.000000 1.000000 1.000000
7549.904297 2.138306 1374.470215 0.000000 0.671753 0.000000 0.740775 1.000000 1.000000 1.000000
7593.886230 2.244751 1396.927490 0.000000 -0.461437 0.000000 0.887173 1.000000 1.000000 1.000000
7618.512207 2.636719 1434.274048 0.000000 -0.567691 0.000000 0.823242 1.000000 1.000000 1.000000
7609.447266 0.934570 1562.999512 0.000000 0.483277 0.000000 0.875467 1.000000 1.000000 1.000000
7553.348633 2.180420 1640.129272 0.000000 0.485627 0.000000 0.874166 1.000000 1.000000 1.000000
7549.905762 1.553711 1700.446289 0.000000 0.558461 0.000000 0.829531 1.000000 1.000000 1.000000
7489.223145 0.772583 1755.211792 0.000000 0.131999 0.000000 0.991250 1.000000 1.000000 1.000000
7443.976074 2.023804 1735.131104 0.000000 -0.138591 0.000000 0.990350 1.000000 1.000000 1.000000
7354.945312 1.927856 1735.801636 0.000000 0.641562 0.000000 0.767071 1.000000 1.000000 1.000000
7389.541504 2.391968 1844.352661 0.000000 -0.372285 0.000000 0.928118 1.000000 1.000000 1.000000
7378.787598 2.186768 1821.716675 0.000000 0.597746 0.000000 0.801686 1.000000 1.000000 1.000000
7192.951660 1.845337 1742.472412 0.000000 0.733229 0.000000 0.679981 1.000000 1.000000 1.000000
7219.763184 2.276489 1675.398315 0.000000 0.711068 0.000000 0.703124 1.000000 1.000000 1.000000
7260.674316 2.193726 1625.949951 0.000000 0.470402 0.000000 0.882452 1.000000 1.000000 1.000000
7278.542969 2.120972 1595.106323 0.000000 0.735342 0.000000 0.677696 1.000000 1.000000 1.000000
7211.961426 3.606201 1498.327515 0.000000 0.482476 0.000000 0.875909 1.000000 1.000000 1.000000
7213.188477 2.775024 1385.309814 0.000000 0.000000 0.000000 1.000000 1.000000 1.000000 1.000000
7757.113770 1.743774 2024.237427 0.000000 0.000000 0.000000 1.000000 1.000000 1.000000 1.000000
7304.895020 1.237671 1493.108643 0.000000 0.741680 0.000000 0.670754 1.000000 1.000000 1.000000
7297.990723 1.992554 1524.522095 0.000000 0.727560 0.000000 0.686044 1.000000 1.000000 1.000000
7295.362305 1.739502 1550.462646 0.000000 0.565579 0.000000 0.824694 1.000000 1.000000 1.000000
8479.051758 -0.126465 2607.965332 0.000000 0.000000 0.000000 1.000000 1.000000 1.000000 1.000000
8121.619629 1.339111 2840.439209 0.000000 -0.209735 0.000000 0.977758 1.000000 1.000000 1.000000
8314.092773 1.785889 2951.114990 0.000000 -0.163087 0.000000 0.986612 1.000000 1.000000 1.000000
8296.639648 1.504639 2948.619873 0.000000 0.000000 0.000000 1.000000 1.000000 1.000000 1.000000
8244.239258 1.726318 2941.644775 0.000000 -0.290548 0.000000 0.956860 1.000000 1.000000 1.000000
7984.395996 1.266602 2475.725098 0.000000 0.167782 0.000000 0.985824 1.000000 1.000000 1.000000
8087.265137 1.254639 2491.643799 0.000000 -0.514484 0.000000 0.857500 1.000000 1.000000 1.000000
8204.905273 0.207520 2439.626221 0.000000 0.811822 0.000000 0.583905 1.000000 1.000000 1.000000
8266.739258 1.654297 2503.614258 0.000000 -0.292884 0.000000 0.956148 1.000000 1.000000 1.000000
8342.624023 2.007080 2588.642334 0.000000 -0.431841 0.000000 0.901950 1.000000 1.000000 1.000000
8424.589844 1.853516 2603.958252 0.000000 0.395840 0.000000 0.918319 1.131397 1.131397 1.131397
7448.314941 5.221436 2045.414795 0.000000 0.229444 0.000000 0.973322 1.000000 1.000000 1.000000
"}
